
mmc: 
    address: 0x981C86912f39cAdF2c5825774053c95eA0a5113f
    private: 7e9ddb888af8e8a0aec1b159940ccc89b0001e1f2c3e9397d6260f439c40f7cd


solana:
    address: AFZsaEA4qLUVF41kQZSiV7uAr5n6KuiCsGjE8TMyXRwM
    private: [100,207,229,53,202,186,242,9,153,15,106,63,132,93,110,179,112,192,146,95,73,81,88,160,174,214,104,111,241,53,125,240,137,116,123,106,101,93,34,100,0,242,27,221,177,208,175,177,156,179,32,18,27,82,5,177,225,86,235,151,26,9,29,96]


BNB:
    address: 0x3F2344a079608c02CE317A3F27d76f854a7dD5A5
    private: e1548d3aadf5ab2deb0cf35f4e537349e6f6c8fbf6de4957dd11e437c4c5f5b9